Range: 3 < p <= 10000000; number of primes: 664577
k	F3=+k count	F3=-k count	|F3|=k percent	limiting percent
1	221595	221422	66.66150047	66.66666667
2	73831	73885	22.22707075	22.22222222
3	24621	24596	7.40576337	7.40740741
4	8225	8242	2.47781672	2.46913580
5	2738	2719	0.82112381	0.82304527
6	909	899	0.27205275	0.27434842
7	291	289	0.08727356	0.09144947
8	114	98	0.03189999	0.03048316
9	39	31	0.01053302	0.01016105
10	16	9	0.00376179	0.00338702
11	3	2	0.00075236	0.00112901
12	1	2	0.00045141	0.00037634
Signed empirical mean: 0.0007674054323276309
Empirical mean absolute value: 1.499943573129976
Empirical second moment: 2.998921118245139

First examples of exact constant runs of consecutive primes:
1 3 [4073, 4079, 4091]
1 4 [9203, 9209, 9221, 9227]
1 5 [9203, 9209, 9221, 9227, 9239]
-1 3 [1231, 1237, 1249]
-1 4 [7351, 7369, 7393, 7411]
-1 5 [19213, 19219, 19231, 19237, 19249]
2 3 [200807, 200843, 200861]
2 4 [2194739, 2194757, 2194811, 2194847]
-2 3 [290539, 290557, 290593]
-2 4 [5855779, 5855797, 5855833, 5855851]
Longest runs by value:
1 10 [5105957, 5105981, 5105993, 5105999, 5106011, 5106029, 5106047, 5106053, 5106083, 5106089]
-1 8 [406993, 407023, 407047, 407059, 407083, 407119, 407137, 407149]
2 4 [2194739, 2194757, 2194811, 2194847]
-2 4 [5855779, 5855797, 5855833, 5855851]
3 2 [573047, 573101]
-3 2 [355969, 356023]

Finite identity checks: {'power_identity': 2985, 'multiplication_identity': 39601, 'equal_depth_gap': 23010, 'unequal_depth_gap': 22080, 'reflection_locking': 56064, 'independent_primality': 500}
Total checks: 144240 PASS
Elapsed seconds: 0.695
